# robot_id pose_id x y theta
0 0 1.0000 0.0000 0.0000
0 1 2.0000 0.0000 0.0000
0 2 3.0000 0.0000 0.0000
0 3 4.0000 0.0000 0.0000
0 4 5.0000 0.0000 0.0000
0 5 5.0000 0.0000 1.5708
0 6 5.0000 0.0000 -3.1416
0 7 4.0000 -0.0000 -3.1416
0 8 3.0000 -0.0000 -3.1416
0 9 2.0000 -0.0000 -3.1416
0 10 1.0000 -0.0000 -3.1416
0 11 1.0000 -0.0000 -1.5708
0 12 1.0000 -1.0000 -1.5708
0 13 1.0000 -2.0000 -1.5708
0 14 1.0000 -3.0000 -1.5708
0 15 1.0000 -4.0000 -1.5708
0 16 1.0000 -4.0000 0.0000
0 17 2.0000 -4.0000 0.0000
0 18 3.0000 -4.0000 0.0000
0 19 4.0000 -4.0000 0.0000
0 20 5.0000 -4.0000 0.0000
0 21 6.0000 -4.0000 0.0000
0 22 7.0000 -4.0000 0.0000
0 23 8.0000 -4.0000 0.0000
0 24 9.0000 -4.0000 0.0000
0 25 10.0000 -4.0000 0.0000
0 26 10.0000 -4.0000 1.5708
0 27 10.0000 -4.0000 -3.1416
0 28 9.0000 -4.0000 -3.1416
0 29 8.0000 -4.0000 -3.1416
0 30 7.0000 -4.0000 -3.1416
0 31 6.0000 -4.0000 -3.1416
0 32 6.0000 -4.0000 -1.5708
0 33 6.0000 -5.0000 -1.5708
0 34 6.0000 -6.0000 -1.5708
0 35 6.0000 -7.0000 -1.5708
0 36 6.0000 -7.0000 0.0000
0 37 7.0000 -7.0000 0.0000
0 38 8.0000 -7.0000 0.0000
0 39 9.0000 -7.0000 0.0000
0 40 10.0000 -7.0000 0.0000
0 41 11.0000 -7.0000 0.0000
0 42 12.0000 -7.0000 0.0000
0 43 13.0000 -7.0000 0.0000
0 44 14.0000 -7.0000 0.0000
0 45 15.0000 -7.0000 0.0000
0 46 16.0000 -7.0000 0.0000
0 47 17.0000 -7.0000 0.0000
0 48 18.0000 -7.0000 0.0000
0 49 19.0000 -7.0000 0.0000
0 50 19.0000 -7.0000 1.5708
0 51 19.0000 -6.0000 1.5708
0 52 19.0000 -6.0000 -3.1416
0 53 18.0000 -6.0000 -3.1416
0 54 17.0000 -6.0000 -3.1416
0 55 16.0000 -6.0000 -3.1416
0 56 16.0000 -6.0000 -1.5708
0 57 16.0000 -7.0000 -1.5708
0 58 16.0000 -8.0000 -1.5708
0 59 16.0000 -9.0000 -1.5708
0 60 16.0000 -10.0000 -1.5708
0 61 16.0000 -11.0000 -1.5708
0 62 16.0000 -12.0000 -1.5708
0 63 16.0000 -13.0000 -1.5708
0 64 16.0000 -14.0000 -1.5708
0 65 16.0000 -15.0000 -1.5708
0 66 16.0000 -16.0000 -1.5708
0 67 16.0000 -16.0000 -3.1416
0 68 15.0000 -16.0000 -3.1416
0 69 14.0000 -16.0000 -3.1416
0 70 13.0000 -16.0000 -3.1416
0 71 13.0000 -16.0000 1.5708
0 72 13.0000 -15.0000 1.5708
0 73 13.0000 -14.0000 1.5708
0 74 13.0000 -13.0000 1.5708
0 75 13.0000 -12.0000 1.5708
0 76 13.0000 -11.0000 1.5708
0 77 13.0000 -10.0000 1.5708
0 78 13.0000 -9.0000 1.5708
0 79 13.0000 -9.0000 -3.1416
0 80 12.0000 -9.0000 -3.1416
0 81 11.0000 -9.0000 -3.1416
0 82 10.0000 -9.0000 -3.1416
0 83 10.0000 -9.0000 -1.5708
0 84 10.0000 -10.0000 -1.5708
0 85 10.0000 -11.0000 -1.5708
0 86 10.0000 -12.0000 -1.5708
0 87 10.0000 -13.0000 -1.5708
0 88 10.0000 -14.0000 -1.5708
0 89 10.0000 -14.0000 -3.1416
0 90 9.0000 -14.0000 -3.1416
0 91 8.0000 -14.0000 -3.1416
0 92 8.0000 -14.0000 -1.5708
0 93 8.0000 -15.0000 -1.5708
0 94 8.0000 -16.0000 -1.5708
0 95 8.0000 -17.0000 -1.5708
0 96 8.0000 -18.0000 -1.5708
0 97 8.0000 -19.0000 -1.5708
0 98 8.0000 -20.0000 -1.5708
0 99 8.0000 -21.0000 -1.5708
0 100 8.0000 -22.0000 -1.5708
0 101 8.0000 -23.0000 -1.5708
0 102 8.0000 -24.0000 -1.5708
0 103 8.0000 -25.0000 -1.5708
0 104 8.0000 -26.0000 -1.5708
0 105 8.0000 -27.0000 -1.5708
0 106 8.0000 -28.0000 -1.5708
0 107 8.0000 -29.0000 -1.5708
0 108 8.0000 -29.0000 0.0000
0 109 8.0000 -29.0000 1.5708
0 110 8.0000 -29.0000 -3.1416
0 111 8.0000 -29.0000 -1.5708
0 112 8.0000 -30.0000 -1.5708
0 113 8.0000 -31.0000 -1.5708
0 114 8.0000 -32.0000 -1.5708
0 115 8.0000 -33.0000 -1.5708
0 116 8.0000 -34.0000 -1.5708
0 117 8.0000 -35.0000 -1.5708
0 118 8.0000 -36.0000 -1.5708
0 119 8.0000 -36.0000 0.0000
0 120 8.0000 -36.0000 -1.5708
0 121 8.0000 -36.0000 0.0000
0 122 8.0000 -36.0000 1.5708
0 123 8.0000 -35.0000 1.5708
0 124 8.0000 -34.0000 1.5708
0 125 8.0000 -34.0000 -3.1416
0 126 7.0000 -34.0000 -3.1416
0 127 7.0000 -34.0000 -1.5708
0 128 7.0000 -35.0000 -1.5708
0 129 7.0000 -36.0000 -1.5708
0 130 7.0000 -37.0000 -1.5708
0 131 7.0000 -38.0000 -1.5708
0 132 7.0000 -39.0000 -1.5708
0 133 7.0000 -40.0000 -1.5708
0 134 7.0000 -41.0000 -1.5708
0 135 7.0000 -41.0000 0.0000
0 136 8.0000 -41.0000 0.0000
0 137 9.0000 -41.0000 0.0000
0 138 10.0000 -41.0000 0.0000
0 139 11.0000 -41.0000 0.0000
0 140 12.0000 -41.0000 0.0000
0 141 13.0000 -41.0000 0.0000
0 142 14.0000 -41.0000 0.0000
0 143 15.0000 -41.0000 0.0000
0 144 16.0000 -41.0000 0.0000
0 145 17.0000 -41.0000 0.0000
0 146 18.0000 -41.0000 0.0000
0 147 19.0000 -41.0000 0.0000
0 148 20.0000 -41.0000 0.0000
0 149 20.0000 -41.0000 1.5708
0 150 20.0000 -40.0000 1.5708
0 151 20.0000 -39.0000 1.5708
0 152 20.0000 -38.0000 1.5708
0 153 20.0000 -37.0000 1.5708
0 154 20.0000 -36.0000 1.5708
0 155 20.0000 -36.0000 0.0000
0 156 20.0000 -36.0000 -1.5708
0 157 20.0000 -37.0000 -1.5708
0 158 20.0000 -38.0000 -1.5708
0 159 20.0000 -39.0000 -1.5708
0 160 20.0000 -40.0000 -1.5708
0 161 20.0000 -41.0000 -1.5708
0 162 20.0000 -41.0000 -3.1416
0 163 19.0000 -41.0000 -3.1416
0 164 18.0000 -41.0000 -3.1416
0 165 17.0000 -41.0000 -3.1416
0 166 16.0000 -41.0000 -3.1416
0 167 15.0000 -41.0000 -3.1416
0 168 14.0000 -41.0000 -3.1416
0 169 13.0000 -41.0000 -3.1416
0 170 12.0000 -41.0000 -3.1416
0 171 12.0000 -41.0000 -1.5708
0 172 12.0000 -42.0000 -1.5708
0 173 12.0000 -43.0000 -1.5708
0 174 12.0000 -43.0000 0.0000
0 175 12.0000 -43.0000 -1.5708
0 176 12.0000 -44.0000 -1.5708
0 177 12.0000 -44.0000 0.0000
0 178 12.0000 -44.0000 -1.5708
0 179 12.0000 -44.0000 -3.1416
0 180 11.0000 -44.0000 -3.1416
0 181 11.0000 -44.0000 -1.5708
0 182 11.0000 -45.0000 -1.5708
0 183 11.0000 -46.0000 -1.5708
0 184 11.0000 -47.0000 -1.5708
0 185 11.0000 -48.0000 -1.5708
0 186 11.0000 -48.0000 0.0000
0 187 12.0000 -48.0000 0.0000
0 188 13.0000 -48.0000 0.0000
0 189 14.0000 -48.0000 0.0000
0 190 15.0000 -48.0000 0.0000
0 191 16.0000 -48.0000 0.0000
0 192 17.0000 -48.0000 0.0000
0 193 18.0000 -48.0000 0.0000
0 194 18.0000 -48.0000 1.5708
0 195 18.0000 -47.0000 1.5708
0 196 18.0000 -47.0000 -3.1416
0 197 17.0000 -47.0000 -3.1416
0 198 16.0000 -47.0000 -3.1416
0 199 15.0000 -47.0000 -3.1416
